#Year  glob_temp_dev  RF_nonCO2  RF_budget  co2_atm  fossil_CO2_em  budget_C_uptake
1696   0              0          0          276.702      0              0
1706  -0.00386085     0          -9999.9999 276.702     -0.061902      -9999.9999
1716  -0.00272839     0          -9999.9999 276.702     -0.0713625     -9999.9999
1726  -0.0006283      0          -9999.9999 276.702     -0.0529223     -9999.9999
1736  0.00364536      0          -9999.9999 276.702     -0.0485148     -9999.9999
1746  0.0113462       0          -9999.9999 276.702     -0.0420552     -9999.9999
1756  0.0229266       0          -9999.9999 276.702     -0.0369947     -9999.9999
1766  0.0365982       0.058      -9999.9999 276.779     0.177069       -9999.9999
1776  0.0472252       0.061      -9999.9999 278.231     0.528948       -9999.9999
1786  0.0478941       0.061      -9999.9999 280.226     0.790994       -9999.9999
1796  0.0345269       0.062      -9999.9999 282.26      0.781806       -9999.9999
1806  0.0107902       0.067      -9999.9999 283.445     0.621913       -9999.9999
1816  -0.0105526      0.0735     -9999.9999 284.022     0.472591       -9999.9999
1826  -0.0160875      0.08       -9999.9999 284.31      0.376761       -9999.9999
1836  -0.00322045     0.087      -9999.9999 283.75      0.00281504     -9999.9999
1846  0.0207113       0.095      -9999.9999 283.988     0.550182       -9999.9999
1856  0.0457165       0.1045     -9999.9999 285.5       0.728686       -9999.9999
1866  0.0644097       0.116      -9999.9999 286.95      0.742051       -9999.9999
1876  0.075003        0.128      -9999.9999 288.863     1.36769        -9999.9999
1886  0.082486        0.1405     -9999.9999 293.137     1.5884         -9999.9999
1896  0.0963351       0.155      -9999.9999 294.85      1.26801        -9999.9999
1906  0.12338         0.1765     -9999.9999 297.85      1.87272        -9999.9999
1916  0.163782        0.2075     -9999.9999 301.562     1.91395        -9999.9999
1926  0.212695        0.245      -9999.9999 305.188     2.23327        -9999.9999
1936  0.263796        0.2795     -9999.9999 309.575     2.00434        -9999.9999
1946  0.313003        0.313      -9999.9999 310.113     1.32169        -9999.9999
1956  0.36126         0.3665     -9999.9999 313.3       2.60466        -9999.9999
1966  0.415174        0.456      -9999.9999 320.147     3.7691         -9999.9999
1976  0.48326         0.6185     -9999.9999 331.166     5.4509         -9999.9999
1986  0.569398        0.818      -9999.9999 346.04      6.43663        -9999.9999
1996  0.670222        0.9675     0          360.649     6.74781        -9999.9999
2006  -9999.9999      1.0205     0          379.82      8.10048        0
2016  -9999.9999      1.04       0          -9999.9999  3.44569        -10
2026  -9999.9999      1.04       0          -9999.9999  2.58807        0
2036  -9999.9999      1.04       0          -9999.9999  2.34131        0
2046  -9999.9999      1.04       0          -9999.9999  2.06586        0
2056  -9999.9999      1.04       0          -9999.9999  1.86706        0
2066  -9999.9999      1.04       0          -9999.9999  1.70124        0
2076  -9999.9999      1.04       0          -9999.9999  1.56569        0
2086  -9999.9999      1.04       0          -9999.9999  1.4522         0
2096  -9999.9999      1.04       0          -9999.9999  1.35619        0
2106  -9999.9999      1.04       0          -9999.9999  1.27388        0
2116  -9999.9999      1.04       0          -9999.9999  1.20255        0
2126  -9999.9999      1.04       0          -9999.9999  1.14006        0
2136  -9999.9999      1.04       0          -9999.9999  1.08481        0
2146  -9999.9999      1.04       0          -9999.9999  1.03554        0
2156  -9999.9999      1.04       0          -9999.9999  0.991249       0
2166  -9999.9999      1.04       0          -9999.9999  0.951168       0
2176  -9999.9999      1.04       0          -9999.9999  0.914665       0
2186  -9999.9999      1.04       0          -9999.9999  0.88123        0
2196  -9999.9999      1.04       0          -9999.9999  0.850448       0
2206  -9999.9999      1.04       0          -9999.9999  0.821976       0
2216  -9999.9999      1.04       0          -9999.9999  0.795527       0
2226  -9999.9999      1.04       0          -9999.9999  0.770863       0
2236  -9999.9999      1.04       0          -9999.9999  0.74778        0
2246  -9999.9999      1.04       0          -9999.9999  0.726107       0
2256  -9999.9999      1.04       0          -9999.9999  0.705694       0
2266  -9999.9999      1.04       0          -9999.9999  0.686416       0
2276  -9999.9999      1.04       0          -9999.9999  0.668163       0
2286  -9999.9999      1.04       0          -9999.9999  0.650837       0
2296  -9999.9999      1.04       0          -9999.9999  0.634357       0
2306  -9999.9999      1.04       0          -9999.9999  0.618649       0
2316  -9999.9999      1.04       0          -9999.9999  0.603647       0
2326  -9999.9999      1.04       0          -9999.9999  0.589296       0
2336  -9999.9999      1.04       0          -9999.9999  0.575544       0
2346  -9999.9999      1.04       0          -9999.9999  0.562348       0
2356  -9999.9999      1.04       0          -9999.9999  0.549665       0
2366  -9999.9999      1.04       0          -9999.9999  0.537462       0
2376  -9999.9999      1.04       0          -9999.9999  0.525704       0
2386  -9999.9999      1.04       0          -9999.9999  0.514365       0
2396  -9999.9999      1.04       0          -9999.9999  0.503417       0
2406  -9999.9999      1.04       0          -9999.9999  0.492836       0
2416  -9999.9999      1.04       0          -9999.9999  0.482602       0
2426  -9999.9999      1.04       0          -9999.9999  0.472694       0
2436  -9999.9999      1.04       0          -9999.9999  0.463095       0
2446  -9999.9999      1.04       0          -9999.9999  0.453788       0
2456  -9999.9999      1.04       0          -9999.9999  0.444759       0
2466  -9999.9999      1.04       0          -9999.9999  0.435994       0
2476  -9999.9999      1.04       0          -9999.9999  0.42748        0
2486  -9999.9999      1.04       0          -9999.9999  0.419204       0
2496  -9999.9999      1.04       0          -9999.9999  0.411158       0
2506  -9999.9999      1.04       0          -9999.9999  0.403329       0
2516  -9999.9999      1.04       0          -9999.9999  0.39571        0
2526  -9999.9999      1.04       0          -9999.9999  0.388291       0
2536  -9999.9999      1.04       0          -9999.9999  0.381063       0
2546  -9999.9999      1.04       0          -9999.9999  0.37402        0
2556  -9999.9999      1.04       0          -9999.9999  0.367155       0
2566  -9999.9999      1.04       0          -9999.9999  0.360459       0
2576  -9999.9999      1.04       0          -9999.9999  0.353928       0
2586  -9999.9999      1.04       0          -9999.9999  0.347555       0
2596  -9999.9999      1.04       0          -9999.9999  0.341334       0
2606  -9999.9999      1.04       0          -9999.9999  0.33526        0
2616  -9999.9999      1.04       0          -9999.9999  0.329328       0
2626  -9999.9999      1.04       0          -9999.9999  0.323533       0
2636  -9999.9999      1.04       0          -9999.9999  0.317871       0
2646  -9999.9999      1.04       0          -9999.9999  0.312337       0
2656  -9999.9999      1.04       0          -9999.9999  0.306927       0
2666  -9999.9999      1.04       0          -9999.9999  0.301638       0
2676  -9999.9999      1.04       0          -9999.9999  0.296464       0
2686  -9999.9999      1.04       0          -9999.9999  0.291404       0
2696  -9999.9999      1.04       0          -9999.9999  0.286453       0
2706  -9999.9999      1.04       0          -9999.9999  0.281608       0
2716  -9999.9999      1.04       0          -9999.9999  0.276865       0
2726  -9999.9999      1.04       0          -9999.9999  0.272223       0
2736  -9999.9999      1.04       0          -9999.9999  0.267678       0
2746  -9999.9999      1.04       0          -9999.9999  0.263226       0
2756  -9999.9999      1.04       0          -9999.9999  0.258867       0
2766  -9999.9999      1.04       0          -9999.9999  0.254596       0
2776  -9999.9999      1.04       0          -9999.9999  0.250411       0
2786  -9999.9999      1.04       0          -9999.9999  0.246311       0
2796  -9999.9999      1.04       0          -9999.9999  0.242293       0
2806  -9999.9999      1.04       0          -9999.9999  0.238354       0
2816  -9999.9999      1.04       0          -9999.9999  0.234492       0
2826  -9999.9999      1.04       0          -9999.9999  0.230706       0
2836  -9999.9999      1.04       0          -9999.9999  0.226993       0
2846  -9999.9999      1.04       0          -9999.9999  0.223352       0
2856  -9999.9999      1.04       0          -9999.9999  0.219781       0
2866  -9999.9999      1.04       0          -9999.9999  0.216277       0
2876  -9999.9999      1.04       0          -9999.9999  0.21284        0
2886  -9999.9999      1.04       0          -9999.9999  0.209467       0
2896  -9999.9999      1.04       0          -9999.9999  0.206157       0
2906  -9999.9999      1.04       0          -9999.9999  0.202908       0
2916  -9999.9999      1.04       0          -9999.9999  0.199719       0
2926  -9999.9999      1.04       0          -9999.9999  0.196589       0
2936  -9999.9999      1.04       0          -9999.9999  0.193516       0
2946  -9999.9999      1.04       0          -9999.9999  0.190498       0
2956  -9999.9999      1.04       0          -9999.9999  0.187534       0
2966  -9999.9999      1.04       0          -9999.9999  0.184624       0
2976  -9999.9999      1.04       0          -9999.9999  0.181765       0
2986  -9999.9999      1.04       0          -9999.9999  0.178958       0
2996  -9999.9999      1.04       0          -9999.9999  0.176199       0
3006  -9999.9999      1.04       0          -9999.9999  0.173489       0
3016  -9999.9999      1.04       0          -9999.9999  0.170826       0
3026  -9999.9999      1.04       0          -9999.9999  0.168209       0
3036  -9999.9999      1.04       0          -9999.9999  0.165637       0
3046  -9999.9999      1.04       0          -9999.9999  0.16311        0
3056  -9999.9999      1.04       0          -9999.9999  0.160625       0
3066  -9999.9999      1.04       0          -9999.9999  0.158183       0
3076  -9999.9999      1.04       0          -9999.9999  0.155783       0
3086  -9999.9999      1.04       0          -9999.9999  0.153422       0
